K = 4.367655 (+0.703641, -0.737164)
K2 = 10.534927 (+1.310521, -1.221861)
P = 9.233280 (+0.003900, -0.004600)
P2 = 95.563954 (+0.257233, -0.252581)
__k2_unit_disk = 0.167532 (+0.176652, -0.183219)
__k_unit_disk = 0.223589 (+0.216323, -0.303564)
e = 0.154472 (+0.149578, -0.106450)
e2 = 0.394269 (+0.063196, -0.065599)
h = -0.072753 (+0.329774, -0.308241)
h2 = -0.597760 (+0.076743, -0.061629)
k = 0.205862 (+0.215867, -0.281285)
k2 = 0.132491 (+0.150281, -0.144413)
logs = 1.591153 (+0.079479, -0.077858)
m_pl = 22.875152 (+3.853647, -3.798669)
m_pl2 = 123.545393 (+16.165355, -14.488731)
mstar = 2.104478 (+0.076046, -0.073454)
rstar = 2.032493 (+0.047254, -0.046856)
t0 = 10496.438626 (+0.554685, -0.594617)
t02 = 10485.709093 (+2.828459, -2.754990)
trend_0 = -0.007218 (+0.001562, -0.001568)
trend_1 = -2.254961 (+0.545311, -0.602368)
w = 1.414167 (+1.088569, -2.311662)
w2 = 2.811046 (+0.210447, -5.690183)
K_precision = 16.8778 %
P_precision = 0.0498 %
t0_precision = 0.0057 %
m_pl_precision = 16.8464 %
K2_precision = 12.4398 %
P2_precision = 0.2692 %
t02_precision = 0.0270 %
m_pl2_precision = 13.0845 %
