K = 5.696949 (+1.798866, -2.347604)
P = 23.385689 (+0.198783, -0.192948)
bkg = -0.227754 (+1.801682, -1.878243)
bkg_pred = -0.227754 (+1.801682, -1.878243)
logs = 2.389872 (+0.127512, -0.126250)
m_pl = 30.653120 (+17.137930, -17.299415)
mstar = 2.264248 (+0.145275, -0.136497)
offset = -0.227754 (+1.801682, -1.878243)
rstar = 2.224831 (+0.096165, -0.089115)
t0 = 10203.916306 (+1.259031, -1.249497)
K_precision = 41.2081 %
P_precision = 0.8500 %
t0_precision = 0.0123 %
m_pl_precision = 56.4361 %
