K = 29.300294 (+2.078153, -2.222427)
P = 3.672339 (+0.000575, -0.000575)
__k_unit_disk = 0.006307 (+0.172995, -0.187355)
bkg = 4.051158 (+1.555442, -1.563484)
bkg_pred = 4.051158 (+1.555442, -1.563484)
e = 0.053789 (+0.061515, -0.037346)
h = 0.005024 (+0.203470, -0.216637)
k = 0.006142 (+0.170383, -0.183858)
logs = 2.522353 (+0.088079, -0.084575)
m_pl = 159.606355 (+13.497409, -12.289825)
mstar = 3.419267 (+0.202842, -0.183661)
offset = 4.051158 (+1.555442, -1.563484)
rstar = 4.265342 (+0.088341, -0.086972)
t0 = 9420.532476 (+0.086802, -0.088801)
w = 0.051748 (+2.278907, -2.121095)
K_precision = 7.5850 %
P_precision = 0.0157 %
t0_precision = 0.0009 %
m_pl_precision = 8.4567 %
