K = 25.461786 (+6.484282, -5.929588)
P = 4.524238 (+0.009492, -0.008081)
bkg = -0.619308 (+4.181426, -4.214298)
bkg_pred = -0.619308 (+4.181426, -4.214298)
logs = 2.893465 (+0.205002, -0.198765)
m_pl = 125.982513 (+54.431225, -60.015641)
mstar = 4.217123 (+0.293375, -0.275627)
offset = -0.619308 (+4.181426, -4.214298)
rstar = 4.107312 (+0.087960, -0.093939)
t0 = 8929.733521 (+0.212756, -0.303676)
K_precision = 25.4667 %
P_precision = 0.2098 %
t0_precision = 0.0034 %
m_pl_precision = 47.6381 %
