K = 27.629518 (+1.378460, -1.425319)
P = 4.632938 (+0.000649, -0.000683)
__k_unit_disk = 0.170348 (+0.124235, -0.164503)
e = 0.084124 (+0.060483, -0.054552)
h = -0.162566 (+0.180296, -0.139858)
k = 0.165626 (+0.123778, -0.160027)
logs = 1.972117 (+0.128730, -0.116307)
m_pl = 145.270475 (+9.220286, -9.439797)
mstar = 2.883844 (+0.169120, -0.150402)
offset = 0.061947 (+1.221427, -1.264491)
rstar = 2.884230 (+0.057313, -0.053538)
t0 = 8712.155657 (+0.129772, -0.113852)
w = 2.131353 (+0.597629, -1.878036)
K_precision = 5.1587 %
P_precision = 0.0147 %
t0_precision = 0.0015 %
m_pl_precision = 6.4981 %
