K = 5.930705 (+1.629090, -2.256931)
P = 23.376715 (+0.178367, -0.183162)
bkg = -0.158336 (+1.741600, -1.847145)
bkg_pred = -0.158336 (+1.741600, -1.847145)
logs = 2.359560 (+0.128180, -0.131281)
m_pl = 33.316351 (+16.673112, -18.170390)
mstar = 2.273164 (+0.138275, -0.129296)
offset = -0.158336 (+1.741600, -1.847145)
rstar = 2.223564 (+0.105984, -0.099988)
t0 = 10203.896671 (+1.351159, -1.336808)
K_precision = 38.0550 %
P_precision = 0.7835 %
t0_precision = 0.0132 %
m_pl_precision = 54.5390 %
