K = 29.432893 (+2.246563, -2.157321)
P = 3.672245 (+0.000591, -0.000584)
__k_unit_disk = 0.013704 (+0.187273, -0.192680)
bkg = 4.006001 (+1.596067, -1.522593)
bkg_pred = 4.006001 (+1.596067, -1.522593)
e = 0.053325 (+0.053479, -0.037281)
h = -0.001267 (+0.198670, -0.195880)
k = 0.013256 (+0.185520, -0.188446)
logs = 2.485810 (+0.094805, -0.095201)
m_pl = 160.725393 (+13.339189, -12.788745)
mstar = 3.424998 (+0.199550, -0.198376)
offset = 4.006001 (+1.596067, -1.522593)
rstar = 4.262195 (+0.092640, -0.091185)
t0 = 9420.533058 (+0.083123, -0.078163)
w = 0.164819 (+2.081479, -2.228109)
K_precision = 7.6328 %
P_precision = 0.0161 %
t0_precision = 0.0009 %
m_pl_precision = 8.2994 %
