K = 3.732629 (+0.620942, -0.612364)
K2 = 200.091910 (+0.886595, -0.858734)
P = 7.071677 (+0.002223, -0.001205)
P2 = 569.210536 (+0.602316, -0.612008)
__k2_unit_disk = 0.202921 (+0.007701, -0.007532)
e2 = 0.363258 (+0.002962, -0.003111)
h2 = -0.579469 (+0.002692, -0.002901)
k2 = 0.165390 (+0.006499, -0.006227)
logs = 1.593941 (+0.066819, -0.063996)
m_pl = 17.783839 (+5.612032, -7.752043)
m_pl2 = 5327.271155 (+100.396217, -98.561817)
mstar = 2.943255 (+0.081463, -0.079912)
rstar = 3.149982 (+0.219183, -0.196247)
t0 = 8792.984376 (+0.226198, -0.288441)
t02 = 5290.164801 (+4.671389, -4.621373)
trend_0 = -0.177806 (+0.001508, -0.001517)
trend_1 = -44.851853 (+0.500251, -0.508456)
w2 = 2.863631 (+0.010343, -0.010804)
K_precision = 16.6355 %
P_precision = 0.0314 %
t0_precision = 0.0033 %
m_pl_precision = 43.5904 %
K2_precision = 0.4431 %
P2_precision = 0.1075 %
t02_precision = 0.0883 %
m_pl2_precision = 1.8846 %
