K = 5.650455 (+1.717024, -2.375367)
P = 23.360321 (+0.201166, -0.191754)
bkg = -0.147559 (+1.862116, -1.741330)
bkg_pred = -0.147559 (+1.862116, -1.741330)
logs = 2.380950 (+0.123290, -0.123301)
m_pl = 30.483023 (+16.810969, -17.018250)
mstar = 2.268253 (+0.156871, -0.135077)
offset = -0.147559 (+1.862116, -1.741330)
rstar = 2.215861 (+0.104987, -0.096441)
t0 = 10203.931049 (+1.306906, -1.320482)
K_precision = 42.0385 %
P_precision = 0.8611 %
t0_precision = 0.0129 %
m_pl_precision = 55.8286 %
