K = 25.971693 (+5.986723, -5.868533)
P = 4.524463 (+0.009999, -0.008442)
bkg = -0.634052 (+4.485949, -4.026344)
bkg_pred = -0.634052 (+4.485949, -4.026344)
logs = 2.912071 (+0.213897, -0.201863)
m_pl = 133.326680 (+52.543799, -63.489088)
mstar = 4.212568 (+0.310857, -0.279038)
offset = -0.634052 (+4.485949, -4.026344)
rstar = 4.106095 (+0.095818, -0.091337)
t0 = 8929.747754 (+0.213909, -0.347694)
K_precision = 23.0510 %
P_precision = 0.2210 %
t0_precision = 0.0039 %
m_pl_precision = 47.6192 %
