K = 9.456216 (+2.023441, -2.015855)
P = 20.367191 (+0.045584, -0.036827)
bkg = -0.494631 (+1.567100, -1.550452)
bkg_pred = -0.494631 (+1.567100, -1.550452)
logs = 2.452480 (+0.115518, -0.118243)
m_pl = 72.002908 (+27.558175, -31.996185)
mstar = 3.631612 (+0.233923, -0.214266)
offset = -0.494631 (+1.567100, -1.550452)
rstar = 5.011565 (+0.116610, -0.120381)
t0 = 9645.435030 (+0.867630, -0.626081)
K_precision = 21.3980 %
P_precision = 0.2238 %
t0_precision = 0.0090 %
m_pl_precision = 44.4374 %
