K = 76.552399 (+13.303850, -7.208651)
P = 3661.801281 (+11.363971, -10.478235)
__k_unit_disk = 0.587962 (+0.072655, -0.062015)
e = 0.350319 (+0.094884, -0.069727)
h = -0.069805 (+0.072362, -0.074478)
k = 0.585616 (+0.067999, -0.061336)
logs = 1.767800 (+0.113007, -0.112771)
m_pl = 1728.059910 (+209.898823, -124.935591)
offset = 7.182031 (+6.398839, -7.439209)
t_peri = 10983.516507 (+132.955313, -120.584145)
w = 1.693734 (+0.108384, -0.127780)
K_precision = 17.3788 %
P_precision = 0.3103 %
t_peri_precision = 1.2105 %
m_pl_precision = 12.1465 %
