K = 8.182552 (+1.540200, -1.479620)
P = 24.228901 (+0.060391, -0.035772)
__k_unit_disk = -0.545458 (+0.198659, -0.118586)
bkg = -0.638205 (+0.848274, -0.862233)
bkg_pred = -0.638205 (+0.848274, -0.862233)
e = 0.357333 (+0.125960, -0.134030)
h = 0.073866 (+0.320450, -0.273655)
k = -0.526127 (+0.206665, -0.126880)
logs = 1.547890 (+0.162296, -0.168380)
m_pl = 65.696811 (+11.800251, -11.120593)
mstar = 2.667043 (+0.174284, -0.157779)
offset = -0.638205 (+0.848274, -0.862233)
rstar = 2.632205 (+0.042272, -0.041308)
t0 = 9032.846833 (+2.067561, -2.385690)
w = -1.425834 (+0.643345, -0.491687)
K_precision = 18.8230 %
P_precision = 0.2493 %
t0_precision = 0.0264 %
m_pl_precision = 17.9617 %
