K = 8.549929 (+2.533174, -2.411040)
P = 20.350324 (+0.064823, -0.049833)
bkg = -0.429328 (+1.697028, -1.695204)
bkg_pred = -0.429328 (+1.697028, -1.695204)
logs = 2.569610 (+0.102974, -0.112983)
m_pl = 63.508953 (+27.732995, -30.863295)
mstar = 3.624870 (+0.237557, -0.209630)
offset = -0.429328 (+1.697028, -1.695204)
rstar = 5.007116 (+0.109236, -0.109847)
t0 = 9645.295996 (+1.196529, -0.582089)
K_precision = 29.6280 %
P_precision = 0.3185 %
t0_precision = 0.0124 %
m_pl_precision = 48.5968 %
