K = 89.528418 (+1.985133, -1.948182)
P = 795.949318 (+2.798842, -3.162672)
__k_unit_disk = -0.734627 (+0.014587, -0.014084)
e = 0.645284 (+0.015480, -0.015980)
h = -0.478552 (+0.027244, -0.026439)
k = -0.644446 (+0.019790, -0.020020)
logs = 2.293131 (+0.094692, -0.094844)
m_pl = 990.416195 (+26.422066, -24.746303)
offset = 32.407099 (+1.389113, -1.434137)
t_peri = 9564.704069 (+2.142163, -2.179119)
w = -2.210254 (+0.041094, -0.038899)
K_precision = 2.2173 %
P_precision = 0.3973 %
t_peri_precision = 0.0228 %
m_pl_precision = 2.6678 %
