K = 89.141296 (+2.202286, -1.991859)
P = 797.942829 (+2.433872, -3.049576)
__k_unit_disk = -0.736014 (+0.015750, -0.014513)
e = 0.652859 (+0.016568, -0.016766)
h = -0.492208 (+0.029465, -0.028723)
k = -0.640463 (+0.022204, -0.020118)
logs = 2.319933 (+0.100305, -0.091078)
m_pl = 979.208292 (+25.925278, -24.932281)
offset = 32.328027 (+1.422264, -1.447322)
t_peri = 9565.085841 (+1.937535, -2.064974)
w = -2.225838 (+0.042412, -0.043372)
K_precision = 2.4706 %
P_precision = 0.3822 %
t_peri_precision = 0.0216 %
m_pl_precision = 2.6476 %
