K = 81.273545 (+10.563768, -7.760663)
P = 3660.775310 (+10.843322, -9.644627)
__k_unit_disk = 0.609661 (+0.051200, -0.051292)
e = 0.378399 (+0.068567, -0.063406)
h = -0.090068 (+0.060174, -0.062066)
k = 0.606468 (+0.048146, -0.050539)
logs = 1.774207 (+0.114212, -0.110367)
m_pl = 1812.870319 (+162.710225, -132.566688)
offset = 6.548740 (+6.023597, -6.741580)
t_peri = 10998.890757 (+111.647842, -113.264679)
w = 1.719209 (+0.089292, -0.097864)
K_precision = 12.9978 %
P_precision = 0.2962 %
t_peri_precision = 1.0298 %
m_pl_precision = 8.9753 %
