K = 25.825961 (+6.279807, -6.148893)
P = 4.524343 (+0.010018, -0.008343)
bkg = -0.556298 (+4.385796, -4.255853)
bkg_pred = -0.556298 (+4.385796, -4.255853)
logs = 2.907398 (+0.210676, -0.182105)
m_pl = 128.647652 (+55.962061, -64.383366)
mstar = 4.215772 (+0.311242, -0.268116)
offset = -0.556298 (+4.385796, -4.255853)
rstar = 4.105029 (+0.098203, -0.089061)
t0 = 8929.754600 (+0.208552, -0.338849)
K_precision = 24.3159 %
P_precision = 0.2214 %
t0_precision = 0.0038 %
m_pl_precision = 50.0463 %
