K = 67.012185 (+4.417287, -3.437972)
P = 2093.816938 (+24.076154, -22.990437)
bkg = 7.892938 (+1.684812, -1.703728)
bkg_pred = 7.892938 (+1.684812, -1.703728)
e = 0.457667 (+0.029293, -0.033151)
logs = 2.045742 (+0.134873, -0.130530)
m_pl = 1194.672158 (+65.377206, -55.411098)
offset = 7.892938 (+1.684812, -1.703728)
t_peri = 10116.867642 (+28.291432, -25.839131)
w = 2.764586 (+0.096250, -0.085505)
K_precision = 6.5918 %
P_precision = 1.1499 %
t_peri_precision = 0.2796 %
m_pl_precision = 5.4724 %
