K = 91.162075 (+1.901050, -2.003593)
P = 797.334288 (+2.580382, -2.976098)
__k_unit_disk = -0.741774 (+0.015054, -0.012639)
e = 0.649540 (+0.015988, -0.015876)
h = -0.471175 (+0.028986, -0.026264)
k = -0.654173 (+0.020839, -0.018636)
logs = 2.289797 (+0.092368, -0.092095)
m_pl = 1005.602947 (+22.976813, -26.143354)
offset = 32.631968 (+1.365836, -1.405075)
t_peri = 9565.662766 (+1.952235, -2.043924)
w = -2.195126 (+0.040833, -0.039339)
K_precision = 2.1978 %
P_precision = 0.3733 %
t_peri_precision = 0.0214 %
m_pl_precision = 2.5998 %
