K = 68.178446 (+4.232402, -3.392605)
P = 2098.995732 (+24.049679, -22.318773)
bkg = 8.074471 (+1.718638, -1.759075)
bkg_pred = 8.074471 (+1.718638, -1.759075)
e = 0.453442 (+0.030176, -0.033840)
logs = 2.071595 (+0.138797, -0.139387)
m_pl = 1220.775359 (+62.142164, -55.872082)
offset = 8.074471 (+1.718638, -1.759075)
t_peri = 10123.109646 (+27.711898, -27.639136)
w = 2.780398 (+0.098710, -0.091552)
K_precision = 6.2078 %
P_precision = 1.1458 %
t_peri_precision = 0.2737 %
m_pl_precision = 5.0904 %
