K = 68.315469 (+4.441775, -3.849352)
P = 2116.391578 (+26.658002, -22.777104)
bkg = 7.384266 (+1.576806, -1.685652)
bkg_pred = 7.384266 (+1.576806, -1.685652)
e = 0.458669 (+0.033411, -0.034386)
logs = 2.060576 (+0.134381, -0.119780)
m_pl = 1220.800027 (+58.577828, -58.704448)
offset = 7.384266 (+1.576806, -1.685652)
t_peri = 10115.441464 (+27.645924, -24.513252)
w = 2.750578 (+0.096292, -0.088377)
K_precision = 6.5019 %
P_precision = 1.2596 %
t_peri_precision = 0.2733 %
m_pl_precision = 4.8087 %
