K = 7.787545 (+1.357765, -1.398319)
P = 24.241429 (+0.070628, -0.042239)
__k_unit_disk = -0.531610 (+0.210607, -0.127020)
bkg = -0.667228 (+0.932306, -0.906723)
bkg_pred = -0.667228 (+0.932306, -0.906723)
e = 0.336747 (+0.135979, -0.139811)
h = 0.009747 (+0.308219, -0.253186)
k = -0.514266 (+0.219803, -0.133213)
logs = 1.563051 (+0.155828, -0.164503)
m_pl = 63.051281 (+10.467545, -10.843733)
mstar = 2.675339 (+0.162787, -0.155625)
offset = -0.667228 (+0.932306, -0.906723)
rstar = 2.633659 (+0.041684, -0.043836)
t0 = 9033.526696 (+1.755469, -2.340149)
w = -1.520183 (+0.614863, -0.500201)
K_precision = 17.9558 %
P_precision = 0.2914 %
t0_precision = 0.0259 %
m_pl_precision = 17.1983 %
