K = 3.941952 (+0.607989, -0.588994)
K2 = 200.606129 (+0.911296, -0.784636)
P = 7.071571 (+0.002047, -0.001143)
P2 = 569.384291 (+0.576869, -0.582104)
__k2_unit_disk = 0.199624 (+0.007132, -0.007602)
e2 = 0.362101 (+0.003188, -0.003019)
h2 = -0.579385 (+0.002842, -0.002664)
k2 = 0.162724 (+0.005849, -0.006397)
logs = 1.557500 (+0.066287, -0.070343)
m_pl = 18.799784 (+5.730518, -8.392932)
m_pl2 = 5341.172603 (+105.598679, -99.054360)
mstar = 2.943310 (+0.085493, -0.081698)
rstar = 3.151743 (+0.231183, -0.210590)
t0 = 8792.974327 (+0.232303, -0.277111)
t02 = 5288.791969 (+4.498607, -4.534382)
trend_0 = -0.177152 (+0.001561, -0.001499)
trend_1 = -44.795804 (+0.483977, -0.471990)
w2 = 2.867815 (+0.010823, -0.010021)
K_precision = 15.4235 %
P_precision = 0.0290 %
t0_precision = 0.0032 %
m_pl_precision = 44.6438 %
K2_precision = 0.4543 %
P2_precision = 0.1022 %
t02_precision = 0.0857 %
m_pl2_precision = 1.9771 %
