K = 4.062493 (+0.607996, -0.615472)
K2 = 200.416122 (+0.933193, -0.894983)
P = 7.071653 (+0.002289, -0.001184)
P2 = 568.995463 (+0.635114, -0.604992)
__k2_unit_disk = 0.189063 (+0.007490, -0.007627)
e2 = 0.362984 (+0.003236, -0.003289)
h2 = -0.582510 (+0.002866, -0.003028)
k2 = 0.153710 (+0.006067, -0.006298)
logs = 1.663614 (+0.064655, -0.061299)
m_pl = 19.189059 (+6.288396, -8.635911)
m_pl2 = 5336.415044 (+96.023008, -98.319205)
mstar = 2.944565 (+0.074808, -0.080689)
rstar = 3.161200 (+0.222322, -0.203280)
t0 = 8792.936737 (+0.246072, -0.285943)
t02 = 5291.956341 (+4.725691, -4.948702)
trend_0 = -0.178942 (+0.001532, -0.001575)
trend_1 = -45.287732 (+0.530386, -0.505488)
w2 = 2.883430 (+0.010528, -0.009893)
K_precision = 15.1501 %
P_precision = 0.0324 %
t0_precision = 0.0033 %
m_pl_precision = 45.0043 %
K2_precision = 0.4656 %
P2_precision = 0.1116 %
t02_precision = 0.0935 %
m_pl2_precision = 1.8424 %
