K = 27.174640 (+1.462497, -1.426974)
P = 4.632939 (+0.000645, -0.000599)
__k_unit_disk = 0.132287 (+0.129304, -0.176028)
e = 0.071056 (+0.064317, -0.046330)
h = -0.165120 (+0.195398, -0.148298)
k = 0.126781 (+0.127726, -0.169334)
logs = 1.975975 (+0.127218, -0.121114)
m_pl = 142.827155 (+9.450775, -8.912275)
mstar = 2.886937 (+0.163663, -0.159115)
offset = -0.035544 (+1.211047, -1.180448)
rstar = 2.885258 (+0.053240, -0.054751)
t0 = 8712.140801 (+0.123941, -0.113614)
w = 2.071356 (+0.675348, -3.797575)
K_precision = 5.3818 %
P_precision = 0.0139 %
t0_precision = 0.0014 %
m_pl_precision = 6.6169 %
