K = 9.404043 (+2.362693, -2.292285)
P = 20.369770 (+0.041788, -0.039530)
bkg = -0.420871 (+1.527338, -1.615611)
bkg_pred = -0.420871 (+1.527338, -1.615611)
logs = 2.492731 (+0.113871, -0.116956)
m_pl = 70.778314 (+30.730888, -31.568509)
mstar = 3.628891 (+0.231121, -0.214628)
offset = -0.420871 (+1.527338, -1.615611)
rstar = 5.014028 (+0.108467, -0.113886)
t0 = 9645.411712 (+0.976557, -0.652262)
K_precision = 25.1242 %
P_precision = 0.2051 %
t0_precision = 0.0101 %
m_pl_precision = 44.6020 %
